t0 tc tf snr type
1002047154.927363 1002048938.260422 1002048938.2699867 16.172642 1.0
1000746016.364953 1000748158.3270828 1000748158.33525 16.666493 1.0
1002495984.084966 1002497481.404857 1002497481.415316 17.659569 1.0
1001061404.5877928 1001062569.824024 1001062569.8362387 18.270586 1.0
1001479909.902372 1001481407.433161 1001481407.443379 18.789996 1.0
1000215493.2141908 1000215524.11997 1000215524.234022 19.347279 3.0
1000982342.203216 1000982425.227116 1000982425.2876 19.53579 3.0
1001624962.124333 1001626675.463163 1001626675.472579 19.538644 1.0
1001636553.7815768 1001638221.200472 1001638221.210221 20.738674 1.0
1002000265.701881 1002002179.081835 1002002179.090666 21.032904 1.0
1002118339.5578808 1002118344.333088 1002118344.713298 22.038874 3.0
1002656539.9425209 1002657582.8674968 1002657582.880174 23.558337 1.0
1001032088.11768 1001032092.0747927 1001032092.51729 24.429594 3.0
1002115002.7168128 1002115022.14473 1002115022.297227 24.580781 3.0
1001903455.974094 1001903458.735096 1001903459.308663 25.169382 3.0
1001716457.5782309 1001716464.438956 1001716464.741638 25.496356 3.0
1000934253.780925 1000934257.425482 1000934257.909409 25.782816 3.0
1001276806.8049887 1001276850.360508 1001276850.451922 26.39943 3.0
1000662630.26202 1000662634.7092888 1000662635.119278 26.655971 3.0
1001705020.710571 1001707526.584395 1001707526.59191 26.884587 1.0
1000176662.63578 1000176699.118548 1000176699.220689 28.153804 3.0
1000114908.511882 1000114916.683349 1000114916.953552 28.743544 3.0
1001963399.580291 1001963444.0043747 1001963444.0953068 28.816796 3.0
1001618859.211678 1001618939.971316 1001618940.032694 28.828145 3.0
1001717209.620283 1001720445.59689 1001720445.603334 29.071337 1.0
1000241821.8714288 1000241834.312137 1000241834.523634 30.526986 3.0
1002336973.368713 1002337044.196828 1002337044.263617 30.669495 3.0
1002407322.535636 1002407350.407953 1002407350.5348347 30.693699 3.0
1000915341.750944 1000915355.81512 1000915356.001994 31.019853 3.0
1001144843.844725 1001146433.9991928 1001146434.0091308 31.522926 1.0
1000256986.776786 1000257047.3201408 1000257047.394621 31.568803 3.0
1002007268.609809 1002007282.728872 1002007282.913735 31.995751 3.0
1000519362.866315 1000519367.423949 1000519367.826106 32.193524 3.0
1001333864.29737 1001333890.660091 1001333890.788799 33.369798 3.0
1002487595.509873 1002487613.00607 1002487613.1680847 33.532135 3.0
1000688697.500651 1000688706.00714 1000688706.270943 34.058111 3.0
1001362379.807597 1001362400.135918 1001362400.284028 34.797111 3.0
1000379572.129156 1000379592.0774308 1000379592.229848 34.97402 3.0
1001686444.094142 1001686464.729614 1001686464.874812 35.279093 3.0
1002262224.0893548 1002262253.641649 1002262253.758905 35.762526 3.0
1001421734.8929749 1001421742.6713148 1001421742.969701 36.203911 3.0
1001751678.201082 1001751688.198288 1001751688.453748 36.327359 3.0
1002346397.873362 1002349603.272081 1002349603.2784868 36.346324 1.0
1000898446.00799 1000898466.721568 1000898466.867143 36.594877 3.0
1000448425.995367 1000448448.441788 1000448448.580065 36.843212 3.0
1001444624.0786628 1001444642.5839227 1001444642.741746 37.138257 3.0
1000162687.922512 1000162691.645341 1000162692.1114008 37.943061 3.0
1000404877.304214 1000404913.733832 1000404913.8373789 38.128103 3.0
1000252905.22777 1000253019.797963 1000253019.848479 38.339907 3.0
1002490581.061159 1002495274.753895 1002495274.759045 38.47154 1.0
1001836682.449056 1001836697.1682647 1001836697.3753088 38.795447 3.0
1000071322.852959 1000074252.312524 1000074252.3195589 39.000239 1.0
1001076562.4539928 1001076609.187776 1001076609.274634 39.512314 3.0
1002129874.820072 1002129883.382088 1002129883.643759 39.873023 3.0
1000571078.229529 1000571095.990599 1000571096.150954 39.906317 3.0
1002419188.533564 1002419205.367152 1002419205.5344487 40.352682 3.0
1000335414.548915 1000335519.5203068 1000335519.5726388 40.447914 3.0
1001923099.318534 1001923101.8301868 1001923102.4414088 40.595864 3.0
1002207987.58714 1002207997.063258 1002207997.306124 40.906847 3.0
1001015466.261218 1001015468.359943 1001015469.132145 41.437448 3.0
1001470479.793545 1001470489.263552 1001470489.512253 41.516022 3.0
1001131646.8247747 1001131680.500146 1001131680.605982 42.38149 3.0
1001784896.6136028 1001784938.671752 1001784938.76529 43.33903 3.0
1000152945.261614 1000152966.905638 1000152967.046875 44.099525 3.0
1001809682.316274 1001809698.8796328 1001809699.048179 44.559909 3.0
1002276809.886888 1002276831.118263 1002276831.2633688 45.322216 3.0
1001624570.67741 1001627258.136868 1001627258.144057 46.511807 1.0
1000952827.285874 1000952865.0000829 1000952865.10055 47.030547 3.0
1000549829.155683 1000549836.932944 1000549837.213832 47.678324 3.0
1000733947.07405 1000733971.402248 1000733971.548168 47.809925 3.0
1000519084.5213507 1000521561.790665 1000521561.798368 49.46946 1.0
1002432129.6292 1002432163.219206 1002432163.32572 51.791891 3.0
1002111940.25794 1002111951.581433 1002111951.802093 52.718116 3.0
1001497704.252404 1001497712.952677 1001497713.211477 53.048029 3.0
1000121944.9579148 1000121952.904597 1000121953.1838288 55.380035 3.0
1000100853.334512 1000103580.590984 1000103580.598041 56.495419 1.0
1000832365.2130508 1000832408.296322 1000832408.38869 56.599983 3.0
1000505034.113112 1000505037.298151 1000505037.911859 59.142276 3.0
1002070223.814712 1002070236.7927328 1002070237.031106 59.677375 3.0
1000834403.5221488 1000834435.014524 1000834435.126085 61.996496 3.0
1002288616.352698 1002288647.247206 1002288647.362959 63.603136 3.0
1002149850.5218987 1002149948.233522 1002149948.291496 64.287421 3.0
1000611435.537453 1000611710.09807 1000611710.127538 64.689661 3.0
1001783520.1893868 1001783527.565117 1001783527.850228 66.990287 3.0
1001289032.657201 1001289046.729492 1001289046.933382 67.166373 3.0
1001168938.605401 1001168951.6006908 1001168951.8030828 68.128493 3.0
1000924271.066871 1000924285.0965348 1000924285.285234 72.53306999999998 3.0
1000629319.08987 1000629323.974104 1000629324.361554 72.98832299999998 3.0
1001774648.440237 1001774667.42205 1001774667.578037 78.478403 3.0
1001140194.392243 1001140200.129199 1001140200.4697108 80.63181299999998 3.0
1000006564.921007 1000006568.425809 1000006568.906555 82.07668499999998 3.0
1001450204.647091 1001455598.54167 1001455598.546344 88.33942 1.0
1001775837.910801 1001775840.3266068 1001775840.945236 88.71324 3.0
1000721578.4004 1000721590.5134327 1000721590.7204489 90.595215 3.0
1000462450.7052668 1000462472.118736 1000462472.26178 98.324977 3.0
1002562831.690579 1002562840.339769 1002562840.5976468 114.465916 3.0
1002212280.09472 1002212306.315387 1002212306.446195 117.755103 3.0
1001595800.7209408 1001595809.5369068 1001595809.791066 117.891664 3.0
1002417636.715155 1002417665.324458 1002417665.4424288 135.071479 3.0
1000694488.991172 1000694545.2285649 1000694545.30532 143.989877 3.0
1002152251.819276 1002152285.8631808 1002152285.9700809 343.778187 3.0
1001330153.0689847 1001334395.770251 1001334395.775934 383.954083 1.0
1001622646.50307 1001622669.643142 1001622669.778528 386.213044 3.0
